0.9856873356619256,0.32957752570925664,0.7559846529872923,1.767826071282343
0.9718287369224745,0.44717682377761026,0.7566974774324656,1.7652401773159743
0.9567646172941772,0.5468411837073598,0.7559903011703231,1.7678006419702605
0.9432817419328281,0.6248133129739284,0.7552338140913757,1.7705337462271922
0.9309978456310276,0.6892252248331623,0.7545009243554458,1.7731766288852284
0.9202224605930946,0.742210725463372,0.753093593641192,1.778218752190116
0.9101848995082981,0.7886222256940127,0.7520379791530397,1.7819990926254015
0.9014760047403378,0.8275654386723235,0.7514853801818644,1.7839842838546258
0.8932914207023772,0.8626280794402738,0.7508356345857045,1.7863101992150776
0.8857588510690668,0.8939020899396963,0.7502099460194394,1.7885462386164594
0.8787106469366247,0.9223104681997746,0.7494380550957378,1.7912935824406857
