0.9868003841739816,0.3588424851694059,0.8444243970715749,1.1888046922578128
0.961794680454632,0.6105113264186725,0.8369551466369985,1.219054169585048
0.9328761012278144,0.8092108929067566,0.8235043512899941,1.2701262493504386
0.9111393911896803,0.9310739824253963,0.8117547668087731,1.3127467421574055
0.8941800728577783,1.0160546397850936,0.8036154442792107,1.3415091380289466
0.8802163694313206,1.0810145600633574,0.795946266750705,1.3679476060559532
0.8680270035241733,1.1346856099549956,0.7886005322518186,1.3926210129152676
0.8576420492514384,1.178492664367854,0.7831578498825945,1.4106602146515863
0.8489304713950997,1.2140122464699694,0.7782064173340676,1.4267903234567811
0.8409914670557715,1.2455071739678227,0.7741661711008513,1.43999265733036
0.8340746686675266,1.2723077164898757,0.7702026134700138,1.452674544383365
